%YAML:1.0
cam_K: !!opencv-matrix
   rows: 3
   cols: 3
   dt: d
   data: [ 1.1154472442101755e+003, 0., 5.2807320594348857e+002, 0.,
       1.1150768963180938e+003, 3.7252140950134611e+002, 0., 0., 1. ]
cam_kc: !!opencv-matrix
   rows: 1
   cols: 5
   dt: d
   data: [ -2.7286464262264287e-001, 1.6919264462827080e-001,
       -5.0589500930555238e-003, 5.2323964952663636e-004, 0. ]
proj_K: !!opencv-matrix
   rows: 3
   cols: 3
   dt: d
   data: [ 9.0688737165627401e+002, 0., 5.8204931549307321e+002, 0.,
       1.8761291786941492e+003, 9.2560356734487141e+002, 0., 0., 1. ]
proj_kc: !!opencv-matrix
   rows: 1
   cols: 5
   dt: d
   data: [ -2.8212667461301327e-001, 2.8131284174996884e+000,
       -2.5408303466357470e-002, 1.7335033108812344e-002, 0. ]
R: !!opencv-matrix
   rows: 3
   cols: 3
   dt: d
   data: [ 9.9990025890118595e-001, -1.2465138204393277e-002,
       6.6402243099631820e-003, 1.4056868147715996e-002,
       9.2393788196010551e-001, -3.8228418059991920e-001,
       -1.3699296401561514e-003, 3.8233939191328337e-001,
       9.2402094818470515e-001 ]
T: !!opencv-matrix
   rows: 3
   cols: 1
   dt: d
   data: [ 1.1288588021500869e+000, 2.8175029240900827e+001,
       5.7007163988859286e+000 ]
cam_error: 3.0860788461249899e-001
proj_error: 5.3658726330622797e-001
stereo_error: 5.2425521268312292e-001
