%YAML:1.0
cam_K: !!opencv-matrix
   rows: 3
   cols: 3
   dt: d
   data: [ 4.4132654524785239e+03, 0., 8.7386075357770187e+02, 0.,
       6.4144180229368449e+03, 4.9337919368129315e+02, 0., 0., 1. ]
cam_kc: !!opencv-matrix
   rows: 1
   cols: 5
   dt: d
   data: [ 1.6029985792351067e+00, -7.6104478036391271e+01,
       4.2742286708260746e-02, 1.3463002445221237e-02, 0. ]
proj_K: !!opencv-matrix
   rows: 3
   cols: 3
   dt: d
   data: [ 9.4850997815842436e+02, 0., 9.6315682809377097e+02, 0.,
       1.4900155990322048e+03, 5.3291542569977889e+02, 0., 0., 1. ]
proj_kc: !!opencv-matrix
   rows: 1
   cols: 5
   dt: d
   data: [ 2.3617364982039490e-01, -1.1046234858605481e+00,
       -1.1430360901893378e-02, -5.8710763617502798e-02, 0. ]
R: !!opencv-matrix
   rows: 3
   cols: 3
   dt: d
   data: [ 9.9504461313748094e-01, 7.8524201948387093e-02,
       -6.0993176458107937e-02, -9.5894159805787124e-02,
       9.2001520763350408e-01, -3.7996885114206730e-01,
       2.6277899102156790e-02, 3.8393484789928783e-01,
       9.2298618873053973e-01 ]
T: !!opencv-matrix
   rows: 3
   cols: 1
   dt: d
   data: [ 6.0329298713002146e+01, 5.9519678254167877e+02,
       -8.7488350394989743e+02 ]
cam_error: 1.7025336181931006e+00
proj_error: 7.4934902682193072e-01
stereo_error: 3.7358828198601683e+00
